              RelRF                                                               
              count      mean       std  min      25%       50%       75%      max
Tool   E                                                                          
DnC_10 0.01   100.0  0.000000  0.000000  0.0  0.00000  0.000000  0.000000  0.00000
       0.025  100.0  0.000000  0.000000  0.0  0.00000  0.000000  0.000000  0.00000
       0.05   100.0  0.000000  0.000000  0.0  0.00000  0.000000  0.000000  0.00000
       0.075  100.0  0.062688  0.075942  0.0  0.00000  0.043011  0.107530  0.34409
       0.1    100.0  0.231397  0.120141  0.0  0.15054  0.215050  0.303768  0.61290
...             ...       ...       ...  ...      ...       ...       ...      ...
NJ     0.1    100.0  0.000000  0.000000  0.0  0.00000  0.000000  0.000000  0.00000
       0.125  100.0  0.000000  0.000000  0.0  0.00000  0.000000  0.000000  0.00000
       0.15   100.0  0.000000  0.000000  0.0  0.00000  0.000000  0.000000  0.00000
       0.175  100.0  0.000000  0.000000  0.0  0.00000  0.000000  0.000000  0.00000
       0.2    100.0  0.000000  0.000000  0.0  0.00000  0.000000  0.000000  0.00000

[72 rows x 8 columns]

             TM dist                                                    
               count    mean        std  min   25%    50%     75%    max
Tool   E                                                                
DnC_10 0.01    100.0    0.00   0.000000  0.0   0.0    0.0    0.00    0.0
       0.025   100.0    0.00   0.000000  0.0   0.0    0.0    0.00    0.0
       0.05    100.0    0.00   0.000000  0.0   0.0    0.0    0.00    0.0
       0.075   100.0   29.22  36.485663  0.0   0.0   15.0   44.00  161.0
       0.1     100.0  118.67  69.661817  0.0  76.0  106.0  157.25  341.0
...              ...     ...        ...  ...   ...    ...     ...    ...
NJ     0.1     100.0    0.00   0.000000  0.0   0.0    0.0    0.00    0.0
       0.125   100.0    0.00   0.000000  0.0   0.0    0.0    0.00    0.0
       0.15    100.0    0.00   0.000000  0.0   0.0    0.0    0.00    0.0
       0.175   100.0    0.00   0.000000  0.0   0.0    0.0    0.00    0.0
       0.2     100.0    0.00   0.000000  0.0   0.0    0.0    0.00    0.0

[72 rows x 8 columns]
