              RelRF
              count      mean       std       min       25%       50%         75%       max
Tool   E
DnC_15 0.05   100.0  0.000000  0.000000  0.000000  0.000000  0.000000    0.000000  0.000000
       0.075  100.0  0.088065  0.091441  0.000000  0.000000  0.064516    0.139780  0.473120
       0.1    100.0  0.221505  0.103034  0.000000  0.161290  0.204300    0.282257  0.526880
       0.125  100.0  0.346344  0.101150  0.150540  0.268820  0.333330    0.430110  0.612900
       0.15   100.0  0.448817  0.108947  0.193550  0.376340  0.451610    0.516130  0.795700
       0.175  100.0  0.534409  0.091744  0.365590  0.470432  0.526880    0.591400  0.784950
       0.2    100.0  0.602581  0.077928  0.344090  0.559140  0.591400    0.645160  0.817200
DnC_25 0.05   100.0  0.001398  0.010098  0.000000  0.000000  0.000000    0.000000  0.086022
       0.075  100.0  0.082258  0.080020  0.000000  0.000000  0.053763    0.139780  0.365590
       0.1    100.0  0.219785  0.116597  0.000000  0.139780  0.225810    0.290320  0.569890
       0.125  100.0  0.305699  0.097971  0.043011  0.244622  0.301080    0.357527  0.698920
       0.15   100.0  0.417634  0.100947  0.215050  0.354840  0.419350    0.465058  0.666670
       0.175  100.0  0.501183  0.096912  0.311830  0.438172  0.494620    0.559140  0.838710
       0.2    100.0  0.554194  0.075855  0.354840  0.505380  0.564515    0.612900  0.763440
DnC_35 0.05   100.0  0.000000  0.000000  0.000000  0.000000  0.000000    0.000000  0.000000
       0.075  100.0  0.074086  0.066493  0.000000  0.000000  0.064516    0.118280  0.311830
       0.1    100.0  0.184301  0.103306  0.000000  0.107530  0.172040    0.247310  0.559140
       0.125  100.0  0.294193  0.107901  0.043011  0.233872  0.290320    0.357527  0.591400
       0.15   100.0  0.360538  0.099897  0.150540  0.298390  0.354840    0.419350  0.602150
       0.175  100.0  0.457634  0.103038  0.193550  0.384410  0.451610    0.508068  0.741940
       0.2    100.0  0.485269  0.098249  0.247310  0.419350  0.483870    0.548390  0.720430
DnC_5  0.05   100.0  0.000000  0.000000  0.000000  0.000000  0.000000    0.000000  0.000000
       0.075  100.0  0.083334  0.089500  0.000000  0.000000  0.069892    0.139780  0.322580
       0.1    100.0  0.216129  0.108645  0.000000  0.139780  0.204300    0.290320  0.537630
       0.125  100.0  0.365054  0.108472  0.107530  0.290320  0.370965    0.440860  0.623660
       0.15   100.0  0.480860  0.087450  0.279570  0.419350  0.473120    0.537630  0.688170
       0.175  100.0  0.598710  0.080159  0.365590  0.548390  0.602150    0.645160  0.795700
       0.2    100.0  0.674624  0.067031  0.526880  0.623660  0.688170    0.720430  0.838710
NJ     0.05   100.0  0.000000  0.000000  0.000000  0.000000  0.000000    0.000000  0.000000
       0.075  100.0  0.000000  0.000000  0.000000  0.000000  0.000000    0.000000  0.000000
       0.1    100.0  0.000000  0.000000  0.000000  0.000000  0.000000    0.000000  0.000000
       0.125  100.0  0.000000  0.000000  0.000000  0.000000  0.000000    0.000000  0.000000
       0.15   100.0  0.000000  0.000000  0.000000  0.000000  0.000000    0.000000  0.000000
       0.175  100.0  0.000000  0.000000  0.000000  0.000000  0.000000    0.000000  0.000000
       0.2    100.0  0.000000  0.000000  0.000000  0.000000  0.000000    0.000000  0.000000


             TM dist
               count    mean        std    min     25%    50%     75%    max
Tool   E
DnC_15 0.05    100.0    0.00   0.000000    0.0    0.00    0.0    0.00    0.0
       0.075   100.0   39.79  42.085602    0.0    0.00   34.0   61.25  222.0
       0.1     100.0  113.81  59.683965    0.0   67.50  105.5  154.25  270.0
       0.125   100.0  194.10  70.912879   54.0  148.75  187.0  233.25  441.0
       0.15    100.0  265.41  82.930675   84.0  198.75  268.0  313.50  592.0
       0.175   100.0  325.85  74.473692  157.0  274.50  315.0  371.50  542.0
       0.2     100.0  379.06  81.754600  234.0  322.00  374.0  419.00  783.0
DnC_25 0.05    100.0    0.81   5.720237    0.0    0.00    0.0    0.00   44.0
       0.075   100.0   40.79  40.171676    0.0    0.00   35.5   63.50  156.0
       0.1     100.0  113.87  61.224154    0.0   71.75  113.5  150.75  272.0
       0.125   100.0  171.93  60.657884   20.0  132.75  175.5  205.00  448.0
       0.15    100.0  247.39  70.572535  118.0  197.75  243.0  292.25  421.0
       0.175   100.0  305.84  84.560387  118.0  254.50  294.0  345.25  585.0
       0.2     100.0  346.79  65.063806  201.0  296.75  349.5  390.50  524.0
DnC_35 0.05    100.0    0.00   0.000000    0.0    0.00    0.0    0.00    0.0
       0.075   100.0   36.38  33.996964    0.0    0.00   35.0   59.75  123.0
       0.1     100.0   95.31  55.228212    0.0   58.75   89.0  125.50  334.0
       0.125   100.0  172.71  68.692007   20.0  127.75  169.5  215.00  409.0
       0.15    100.0  210.11  63.305719   73.0  166.00  197.5  253.00  388.0
       0.175   100.0  274.41  74.579778  128.0  230.75  264.0  317.25  572.0
       0.2     100.0  295.76  68.655357  138.0  250.50  290.5  331.00  521.0
DnC_5  0.05    100.0    0.00   0.000000    0.0    0.00    0.0    0.00    0.0
       0.075   100.0   38.62  45.537371    0.0    0.00   30.0   61.00  197.0
       0.1     100.0  115.57  64.909612    0.0   63.00  113.0  160.25  267.0
       0.125   100.0  201.08  66.386636   43.0  159.75  188.5  242.50  372.0
       0.15    100.0  278.07  66.495577   95.0  230.75  280.0  323.50  474.0
       0.175   100.0  361.53  78.915945  220.0  304.00  350.5  402.25  618.0
       0.2     100.0  427.39  85.755572  232.0  371.75  419.0  483.50  727.0
NJ     0.05    100.0    0.00   0.000000    0.0    0.00    0.0    0.00    0.0
       0.075   100.0    0.00   0.000000    0.0    0.00    0.0    0.00    0.0
       0.1     100.0    0.00   0.000000    0.0    0.00    0.0    0.00    0.0
       0.125   100.0    0.00   0.000000    0.0    0.00    0.0    0.00    0.0
       0.15    100.0    0.00   0.000000    0.0    0.00    0.0    0.00    0.0
       0.175   100.0    0.00   0.000000    0.0    0.00    0.0    0.00    0.0
       0.2     100.0    0.00   0.000000    0.0    0.00    0.0    0.00    0.0
