              RelRF                                                    \
              count      mean       std       min       25%       50%   
Tool   E                                                                
DnC_15 0.05   100.0  0.000000  0.000000  0.000000  0.000000  0.000000   
       0.075  100.0  0.075161  0.071186  0.000000  0.000000  0.064516   
       0.1    100.0  0.208387  0.098381  0.000000  0.139780  0.204300   
       0.125  100.0  0.356666  0.111453  0.107530  0.268820  0.360215   
       0.15   100.0  0.474946  0.106907  0.225810  0.397850  0.483870   
       0.175  100.0  0.528817  0.086838  0.354840  0.462370  0.516130   
       0.2    100.0  0.628065  0.081290  0.354840  0.580650  0.634410   
DnC_25 0.05   100.0  0.001613  0.011973  0.000000  0.000000  0.000000   
       0.075  100.0  0.064193  0.062389  0.000000  0.000000  0.053763   
       0.1    100.0  0.196129  0.101298  0.000000  0.129030  0.193550   
       0.125  100.0  0.327742  0.113944  0.118280  0.236560  0.317205   
       0.15   100.0  0.413979  0.086866  0.204300  0.365590  0.413975   
       0.175  100.0  0.479892  0.092846  0.311830  0.405913  0.478495   
       0.2    100.0  0.566344  0.101458  0.333330  0.505380  0.559140   
DnC_35 0.05   100.0  0.000645  0.006452  0.000000  0.000000  0.000000   
       0.075  100.0  0.074623  0.075243  0.000000  0.000000  0.059139   
       0.1    100.0  0.188602  0.106780  0.000000  0.107530  0.182800   
       0.125  100.0  0.295591  0.120569  0.010753  0.204300  0.290320   
       0.15   100.0  0.396129  0.102257  0.172040  0.333330  0.387100   
       0.175  100.0  0.446559  0.086055  0.225810  0.376340  0.446235   
       0.2    100.0  0.493440  0.102271  0.258060  0.419350  0.489245   
DnC_5  0.05   100.0  0.001505  0.010700  0.000000  0.000000  0.000000   
       0.075  100.0  0.070322  0.072726  0.000000  0.000000  0.053763   
       0.1    100.0  0.233763  0.096848  0.000000  0.161290  0.231185   
       0.125  100.0  0.367634  0.111386  0.150540  0.290320  0.370965   
       0.15   100.0  0.493226  0.098582  0.258060  0.438172  0.483870   
       0.175  100.0  0.578603  0.071598  0.397850  0.534943  0.580650   
       0.2    100.0  0.662258  0.078765  0.483870  0.612900  0.661290   
NJ     0.05   100.0  0.000000  0.000000  0.000000  0.000000  0.000000   
       0.075  100.0  0.000000  0.000000  0.000000  0.000000  0.000000   
       0.1    100.0  0.000000  0.000000  0.000000  0.000000  0.000000   
       0.125  100.0  0.000000  0.000000  0.000000  0.000000  0.000000   
       0.15   100.0  0.000000  0.000000  0.000000  0.000000  0.000000   
       0.175  100.0  0.000000  0.000000  0.000000  0.000000  0.000000   
       0.2    100.0  0.000000  0.000000  0.000000  0.000000  0.000000   

                                  
                   75%       max  
Tool   E                          
DnC_15 0.05   0.000000  0.000000  
       0.075  0.120968  0.236560  
       0.1    0.279570  0.440860  
       0.125  0.419350  0.612900  
       0.15   0.540320  0.763440  
       0.175  0.583338  0.784950  
       0.2    0.677420  0.795700  
DnC_25 0.05   0.000000  0.107530  
       0.075  0.107530  0.268820  
       0.1    0.258060  0.440860  
       0.125  0.397850  0.612900  
       0.15   0.473120  0.612900  
       0.175  0.548390  0.720430  
       0.2    0.634410  0.849460  
DnC_35 0.05   0.000000  0.064516  
       0.075  0.120968  0.354840  
       0.1    0.260750  0.505380  
       0.125  0.365590  0.709680  
       0.15   0.451610  0.752690  
       0.175  0.516130  0.709680  
       0.2    0.548390  0.720430  
DnC_5  0.05   0.000000  0.086022  
       0.075  0.110217  0.301080  
       0.1    0.293010  0.537630  
       0.125  0.432798  0.666670  
       0.15   0.559140  0.774190  
       0.175  0.634410  0.709680  
       0.2    0.720430  0.860220  
NJ     0.05   0.000000  0.000000  
       0.075  0.000000  0.000000  
       0.1    0.000000  0.000000  
       0.125  0.000000  0.000000  
       0.15   0.000000  0.000000  
       0.175  0.000000  0.000000  
       0.2    0.000000  0.000000  

             TM dist                                                        
               count    mean        std    min     25%    50%     75%    max
Tool   E                                                                    
DnC_15 0.05    100.0    0.00   0.000000    0.0    0.00    0.0    0.00    0.0
       0.075   100.0   35.28  32.896250    0.0    0.00   35.5   57.25  129.0
       0.1     100.0  103.87  53.501374    0.0   62.25  100.5  136.00  272.0
       0.125   100.0  199.35  69.180685   66.0  158.00  207.5  240.00  407.0
       0.15    100.0  275.07  86.133823  132.0  222.25  272.5  320.00  640.0
       0.175   100.0  332.16  80.987431  200.0  275.75  322.5  377.25  623.0
       0.2     100.0  382.51  71.970462  234.0  339.00  380.0  423.25  556.0
DnC_25 0.05    100.0    0.67   4.739806    0.0    0.00    0.0    0.00   37.0
       0.075   100.0   33.02  34.503398    0.0    0.00   32.0   45.50  145.0
       0.1     100.0  104.87  61.407343    0.0   59.50  101.5  139.25  282.0
       0.125   100.0  182.75  67.424687   53.0  132.50  184.5  225.25  386.0
       0.15    100.0  246.24  57.829446  107.0  198.75  252.0  285.75  371.0
       0.175   100.0  293.37  65.413626  151.0  251.75  283.5  326.50  472.0
       0.2     100.0  367.07  87.045820  204.0  296.25  358.0  420.00  724.0
DnC_35 0.05    100.0    0.22   2.200000    0.0    0.00    0.0    0.00   22.0
       0.075   100.0   34.76  35.867072    0.0    0.00   32.0   52.00  165.0
       0.1     100.0   97.08  54.910520    0.0   52.00   93.5  127.00  215.0
       0.125   100.0  169.77  69.521431   38.0  120.00  162.0  204.25  461.0
       0.15    100.0  235.77  65.943020  100.0  200.25  238.0  267.25  554.0
       0.175   100.0  271.89  65.471544   90.0  230.75  269.5  315.50  459.0
       0.2     100.0  305.41  69.074706  175.0  252.00  298.5  342.50  534.0
DnC_5  0.05    100.0    0.66   4.899433    0.0    0.00    0.0    0.00   44.0
       0.075   100.0   32.99  33.799018    0.0    0.00   22.0   52.00  146.0
       0.1     100.0  120.04  55.138745    0.0   83.75  114.5  159.25  260.0
       0.125   100.0  206.56  75.951782   44.0  149.75  204.0  248.25  498.0
       0.15    100.0  290.66  95.712028  136.0  220.25  274.0  342.50  585.0
       0.175   100.0  339.57  76.863943  200.0  284.00  327.5  382.25  590.0
       0.2     100.0  427.03  98.948763  239.0  356.00  423.0  482.50  865.0
NJ     0.05    100.0    0.00   0.000000    0.0    0.00    0.0    0.00    0.0
       0.075   100.0    0.00   0.000000    0.0    0.00    0.0    0.00    0.0
       0.1     100.0    0.00   0.000000    0.0    0.00    0.0    0.00    0.0
       0.125   100.0    0.00   0.000000    0.0    0.00    0.0    0.00    0.0
       0.15    100.0    0.00   0.000000    0.0    0.00    0.0    0.00    0.0
       0.175   100.0    0.00   0.000000    0.0    0.00    0.0    0.00    0.0
       0.2     100.0    0.00   0.000000    0.0    0.00    0.0    0.00    0.0
